100 0.108 
200 0.0985 
300 0.0936667 
400 0.09575 
500 0.093 
600 0.0946667 
700 0.0972857 
800 0.098375 
900 0.0983333 
1000 0.1003 
1100 0.100455 
1200 0.10025 
1300 0.0995385 
1400 0.1 
1500 0.100133 
1600 0.100313 
1700 0.100353 
1800 0.101056 
1900 0.101263 
2000 0.10065 
2100 0.101095 
2200 0.100455 
2300 0.100652 
2400 0.101292 
2500 0.1014 
2600 0.101308 
2700 0.101444 
2800 0.101036 
2900 0.101759 
3000 0.102167 
3100 0.101419 
3200 0.101281 
3300 0.101697 
3400 0.101765 
3500 0.101571 
3600 0.101139 
3700 0.100649 
3800 0.100605 
3900 0.0999231 
4000 0.10015 
4100 0.100585 
4200 0.100357 
4300 0.100186 
4400 0.100455 
4500 0.100422 
4600 0.100935 
4700 0.101 
4800 0.101438 
4900 0.101143 
5000 0.10066 
5100 0.10049 
5200 0.100077 
5300 0.0999623 
5400 0.100241 
5500 0.100345 
5600 0.100161 
5700 0.10007 
5800 0.0997241 
5900 0.0996441 
6000 0.0995833 
6100 0.0993443 
6200 0.0990806 
6300 0.099 
6400 0.09925 
6500 0.0991385 
6600 0.0994697 
6700 0.0993284 
6800 0.0992059 
6900 0.0991594 
7000 0.0990857 
7100 0.0990845 
7200 0.0991806 
7300 0.0993014 
7400 0.0990676 
7500 0.0992 
7600 0.0990526 
7700 0.099026 
7800 0.0989231 
7900 0.0991013 
8000 0.098975 
8100 0.0988765 
8200 0.0987927 
8300 0.098759 
8400 0.0987857 
8500 0.0987294 
8600 0.0987442 
8700 0.0985632 
8800 0.0984659 
8900 0.0983371 
9000 0.0983556 
9100 0.0983187 
9200 0.0983696 
9300 0.0983226 
9400 0.0984681 
9500 0.0985263 
9600 0.0984583 
9700 0.0984949 
9800 0.0984082 
9900 0.0984343 
10000 0.09832 
10100 0.0983168 
10200 0.0983039 
10300 0.0983495 
10400 0.0985 
10500 0.0984 
10600 0.0983113 
10700 0.0983645 
10800 0.0983982 
10900 0.0985046 
11000 0.0984545 
11100 0.0986306 
11200 0.0986429 
11300 0.0985841 
11400 0.0985789 
11500 0.0986957 
11600 0.0986207 
11700 0.0987265 
11800 0.0985508 
11900 0.0987059 
12000 0.0987333 
12100 0.0986116 
12200 0.0985738 
12300 0.0986098 
12400 0.0986532 
12500 0.098656 
12600 0.0988175 
12700 0.0988898 
12800 0.0988516 
12900 0.0987907 
13000 0.0988308 
13100 0.0990076 
13200 0.0990606 
13300 0.0990301 
13400 0.0991194 
13500 0.099237 
13600 0.0992206 
13700 0.0991314 
13800 0.0990652 
13900 0.0990216 
14000 0.0989357 
14100 0.0988936 
14200 0.098831 
14300 0.0987762 
14400 0.0988472 
14500 0.0988207 
14600 0.0988493 
14700 0.0988571 
14800 0.0988851 
14900 0.0989195 
15000 0.09894 
15100 0.0988808 
15200 0.0989474 
15300 0.0990719 
15400 0.0990909 
15500 0.0990968 
15600 0.0990513 
15700 0.0989873 
15800 0.099 
15900 0.0990692 
16000 0.099 
16100 0.0991118 
16200 0.0990741 
16300 0.0991411 
16400 0.0991463 
16500 0.0991212 
16600 0.0990904 
16700 0.0990719 
16800 0.0991667 
16900 0.0991065 
17000 0.0990765 
17100 0.0990292 
17200 0.0990233 
17300 0.0990058 
17400 0.098931 
17500 0.0988514 
17600 0.0988466 
17700 0.0987232 
17800 0.0986461 
17900 0.0986927 
18000 0.0986111 
18100 0.098547 
18200 0.0985824 
18300 0.0986393 
18400 0.0986685 
18500 0.0987027 
18600 0.0986882 
18700 0.0986364 
18800 0.0987128 
18900 0.098836 
19000 0.0987789 
19100 0.0988063 
19200 0.098724 
19300 0.0986218 
19400 0.0985258 
19500 0.098559 
19600 0.0985765 
19700 0.0986041 
19800 0.0985909 
19900 0.0985327 
20000 0.098445 
20100 0.0984726 
20200 0.0985346 
20300 0.0985419 
20400 0.0984755 
20500 0.098478 
20600 0.0985 
20700 0.0984638 
20800 0.0985048 
20900 0.0985646 
21000 0.0985524 
21100 0.0985119 
21200 0.0984811 
21300 0.0985117 
21400 0.0984766 
21500 0.0983814 
21600 0.098412 
21700 0.0984286 
21800 0.0984679 
21900 0.0984338 
22000 0.0983727 
22100 0.0983756 
22200 0.0983378 
22300 0.0983229 
22400 0.0984152 
22500 0.0984356 
22600 0.0984779 
22700 0.0985022 
22800 0.0984561 
22900 0.0984891 
23000 0.0984652 
23100 0.0984286 
23200 0.0984009 
23300 0.0984635 
23400 0.0984402 
23500 0.098434 
23600 0.0985042 
23700 0.0985359 
23800 0.098563 
23900 0.0985732 
24000 0.0985792 
24100 0.09861 
24200 0.0986116 
24300 0.098609 
24400 0.0986434 
24500 0.0986735 
24600 0.0986463 
24700 0.0986478 
24800 0.0986008 
24900 0.0985863 
25000 0.098524 
25100 0.098494 
25200 0.0984881 
25300 0.0984308 
25400 0.0984449 
25500 0.0984235 
25600 0.0983633 
25700 0.098393 
25800 0.0983295 
25900 0.0982394 
26000 0.0982577 
26100 0.098272 
26200 0.0983244 
26300 0.0982928 
26400 0.09825 
26500 0.098234 
26600 0.0982707 
26700 0.0982884 
26800 0.0982687 
26900 0.0982491 
27000 0.0982296 
27100 0.0981771 
27200 0.0981802 
27300 0.0981978 
27400 0.0981971 
27500 0.0981491 
27600 0.0982138 
27700 0.0983105 
27800 0.0983453 
27900 0.0983799 
28000 0.0983857 
28100 0.098395 
28200 0.0983298 
28300 0.0983004 
28400 0.0983275 
28500 0.0983474 
28600 0.0983322 
28700 0.098338 
28800 0.0983889 
28900 0.0983529 
29000 0.0983552 
29100 0.0983436 
29200 0.0983801 
29300 0.0983754 
29400 0.0983605 
29500 0.0983627 
29600 0.0983041 
29700 0.0982559 
29800 0.0982282 
29900 0.0982241 
30000 0.0982167 
30100 0.0981993 
30200 0.0981457 
30300 0.0981782 
30400 0.0981809 
30500 0.0981705 
30600 0.0982124 
30700 0.0982052 
30800 0.0982078 
30900 0.0982524 
31000 0.0982516 
31100 0.098254 
31200 0.0982372 
31300 0.0982428 
31400 0.0982389 
31500 0.0982476 
31600 0.0982373 
31700 0.098224 
31800 0.0982044 
31900 0.098257 
32000 0.0983156 
32100 0.0982928 
32200 0.0983385 
32300 0.0982848 
32400 0.0982809 
32500 0.0982554 
32600 0.0982454 
32700 0.0982844 
32800 0.0982744 
32900 0.0982857 
33000 0.0982788 
33100 0.098293 
33200 0.098253 
33300 0.0982132 
33400 0.0982156 
33500 0.0982597 
33600 0.0982262 
33700 0.0982226 
33800 0.0982012 
33900 0.0982389 
34000 0.0982529 
34100 0.0982229 
34200 0.0982368 
34300 0.0981837 
34400 0.098186 
34500 0.0982145 
34600 0.098211 
34700 0.0981988 
34800 0.0982126 
34900 0.0982436 
35000 0.0982428 
35100 0.0982336 
35200 0.0982216 
35300 0.0982125 
35400 0.0981384 
35500 0.098107 
35600 0.0981489 
35700 0.0981765 
35800 0.0981871 
35900 0.0981671 
36000 0.0981444 
36100 0.098144 
36200 0.0981437 
36300 0.0981129 
36400 0.0981374 
36500 0.0981452 
36600 0.0981585 
36700 0.0981717 
36800 0.0981549 
36900 0.0981816 
37000 0.0981541 
37100 0.0981671 
37200 0.0981559 
37300 0.0981475 
37400 0.0982005 
37500 0.098176 
37600 0.0981702 
37700 0.0982016 
37800 0.0982011 
37900 0.0981953 
38000 0.0982184 
38100 0.0981942 
38200 0.0981937 
38300 0.0982193 
38400 0.0982474 
38500 0.0982909 
38600 0.0983109 
38700 0.0983256 
38800 0.0983222 
38900 0.0983445 
39000 0.0983949 
39100 0.0984118 
39200 0.0983954 
39300 0.0984097 
39400 0.0983731 
39500 0.0983797 
39600 0.0984192 
39700 0.0984257 
39800 0.0983995 
39900 0.0984261 
40000 0.0984425 
40100 0.0984389 
40200 0.0984279 
40300 0.0984169 
40400 0.098453 
40500 0.0984025 
40600 0.0983842 
40700 0.0983587 
40800 0.0983578 
40900 0.0983399 
41000 0.0983537 
41100 0.0983771 
41200 0.0983859 
41300 0.0984165 
41400 0.0984493 
41500 0.098453 
41600 0.0984495 
41700 0.0984892 
41800 0.0984976 
41900 0.0985322 
42000 0.0985262 
42100 0.0985344 
42200 0.0985379 
42300 0.098539 
42400 0.0985448 
42500 0.0985929 
42600 0.098615 
42700 0.0986183 
42800 0.0986379 
42900 0.098655 
43000 0.0986419 
43100 0.0986311 
43200 0.0986597 
43300 0.0986767 
43400 0.0986659 
43500 0.0986874 
43600 0.0986445 
43700 0.0986293 
43800 0.0986324 
43900 0.0986515 
44000 0.0986613 
44100 0.0986372 
44200 0.0986403 
44300 0.0986027 
44400 0.0986036 
44500 0.0986022 
44600 0.0986121 
44700 0.0986465 
44800 0.0986897 
44900 0.0986771 
45000 0.0986844 
45100 0.0986896 
45200 0.0986593 
45300 0.0986402 
45400 0.0986322 
45500 0.0986352 
45600 0.0986425 
45700 0.0986543 
45800 0.0986245 
45900 0.0986274 
46000 0.0986109 
46100 0.0985575 
46200 0.0985757 
46300 0.0986026 
46400 0.0985776 
46500 0.0985613 
46600 0.0985537 
46700 0.0985824 
46800 0.0986154 
46900 0.0986269 
47000 0.0986702 
47100 0.0986624 
47200 0.0986822 
47300 0.0986871 
47400 0.098711 
47500 0.0986926 
47600 0.098687 
47700 0.0986834 
47800 0.0986527 
47900 0.0986848 
48000 0.0987083 
48100 0.098711 
48200 0.0986929 
48300 0.0987081 
48400 0.098719 
48500 0.0987278 
48600 0.0987366 
48700 0.0987064 
48800 0.098668 
48900 0.0987076 
49000 0.0987122 
49100 0.0987088 
49200 0.0987155 
49300 0.0987505 
49400 0.0987449 
49500 0.0987232 
49600 0.0987399 
49700 0.0987465 
49800 0.0987189 
49900 0.0986854 
