100 0.111 
200 0.1005 
300 0.101667 
400 0.10325 
500 0.1006 
600 0.101333 
700 0.100143 
800 0.099125 
900 0.0985556 
1000 0.0995 
1100 0.0996364 
1200 0.09925 
1300 0.098 
1400 0.0989286 
1500 0.099 
1600 0.0995 
1700 0.100118 
1800 0.0993333 
1900 0.0993158 
2000 0.099 
2100 0.0992857 
2200 0.100045 
2300 0.100696 
2400 0.10075 
2500 0.10056 
2600 0.100692 
2700 0.101519 
2800 0.101071 
2900 0.101379 
3000 0.101267 
3100 0.101129 
3200 0.101469 
3300 0.101697 
3400 0.101765 
3500 0.1018 
3600 0.101306 
3700 0.100865 
3800 0.101158 
3900 0.100564 
4000 0.100975 
4100 0.100951 
4200 0.101024 
4300 0.100837 
4400 0.100773 
4500 0.100956 
4600 0.100891 
4700 0.10134 
4800 0.101667 
4900 0.101551 
5000 0.10138 
5100 0.101353 
5200 0.100885 
5300 0.100981 
5400 0.101204 
5500 0.101145 
5600 0.101071 
5700 0.10086 
5800 0.100483 
5900 0.100322 
6000 0.10005 
6100 0.0998689 
6200 0.099629 
6300 0.0998254 
6400 0.0998906 
6500 0.0997231 
6600 0.0997273 
6700 0.099806 
6800 0.0996618 
6900 0.0994783 
7000 0.0995429 
7100 0.0995493 
7200 0.0995278 
7300 0.0995343 
7400 0.0993243 
7500 0.0993333 
7600 0.0991184 
7700 0.099 
7800 0.0989359 
7900 0.098924 
8000 0.0988375 
8100 0.0988642 
8200 0.0987073 
8300 0.0986506 
8400 0.0984643 
8500 0.0984471 
8600 0.0983023 
8700 0.0982414 
8800 0.0982727 
8900 0.0983258 
9000 0.0984 
9100 0.0982857 
9200 0.09825 
9300 0.098172 
9400 0.0983404 
9500 0.0983474 
9600 0.0983229 
9700 0.0983093 
9800 0.0982857 
9900 0.0983939 
10000 0.09857 
10100 0.0986535 
10200 0.0986765 
10300 0.0985825 
10400 0.0985769 
10500 0.0984381 
10600 0.0983396 
10700 0.0984766 
10800 0.0984352 
10900 0.0983303 
11000 0.0983364 
11100 0.0986306 
11200 0.0987143 
11300 0.0987168 
11400 0.0987807 
11500 0.0987826 
11600 0.0987845 
11700 0.0987778 
11800 0.0987034 
11900 0.098874 
12000 0.0988083 
12100 0.0986529 
12200 0.0986066 
12300 0.0986667 
12400 0.0985242 
12500 0.098608 
12600 0.0986825 
12700 0.098622 
12800 0.0988047 
12900 0.0987985 
13000 0.0989231 
13100 0.0988702 
13200 0.0989091 
13300 0.0988571 
13400 0.0989627 
13500 0.0988444 
13600 0.0988309 
13700 0.0988029 
13800 0.0987536 
13900 0.0986978 
14000 0.0986428 
14100 0.0985887 
14200 0.0984789 
14300 0.0985804 
14400 0.0986667 
14500 0.0986759 
14600 0.0986301 
14700 0.0986258 
14800 0.0986757 
14900 0.0987383 
15000 0.0988 
15100 0.0988146 
15200 0.0987237 
15300 0.0989412 
15400 0.0989545 
15500 0.0989097 
15600 0.0989359 
15700 0.0989172 
15800 0.0988987 
15900 0.098805 
16000 0.0988625 
16100 0.0989068 
16200 0.0988333 
16300 0.098816 
16400 0.0987683 
16500 0.0988485 
16600 0.0989277 
16700 0.0988623 
16800 0.0988929 
16900 0.0988757 
17000 0.0988765 
17100 0.0989064 
17200 0.0988721 
17300 0.0989075 
17400 0.0987759 
17500 0.0986971 
17600 0.0986648 
17700 0.0986497 
17800 0.0985843 
17900 0.0985363 
18000 0.0984722 
18100 0.0984365 
18200 0.0984011 
18300 0.0983989 
18400 0.0984185 
18500 0.0984108 
18600 0.0983118 
18700 0.0983155 
18800 0.0984255 
18900 0.0984021 
19000 0.0984105 
19100 0.0984764 
19200 0.0985104 
19300 0.0984819 
19400 0.098433 
19500 0.0985179 
19600 0.0985102 
19700 0.0985381 
19800 0.0984747 
19900 0.0985126 
20000 0.09848 
20100 0.0985373 
20200 0.0985594 
20300 0.0985961 
20400 0.0985441 
20500 0.0986098 
20600 0.0986359 
20700 0.0986232 
20800 0.0986394 
20900 0.0986699 
21000 0.0986143 
21100 0.0985735 
21200 0.0986368 
21300 0.0986479 
21400 0.0986589 
21500 0.0986186 
21600 0.098588 
21700 0.0986359 
21800 0.0986972 
21900 0.0987123 
22000 0.0987727 
22100 0.098819 
22200 0.0988198 
22300 0.0987982 
22400 0.0988795 
22500 0.0988622 
22600 0.0988053 
22700 0.0988194 
22800 0.0988114 
22900 0.0987817 
23000 0.0987913 
23100 0.0988225 
23200 0.0989009 
23300 0.0989785 
23400 0.0989402 
23500 0.0989064 
23600 0.0989661 
23700 0.0989367 
23800 0.0989118 
23900 0.0988787 
24000 0.0988458 
24100 0.0988548 
24200 0.0989091 
24300 0.0988765 
24400 0.0989344 
24500 0.0989102 
24600 0.0989675 
24700 0.0989474 
24800 0.0988871 
24900 0.0988193 
25000 0.098828 
25100 0.0987888 
25200 0.0987579 
25300 0.0987826 
25400 0.0987835 
25500 0.0987843 
25600 0.0987578 
25700 0.098821 
25800 0.098814 
25900 0.0987143 
26000 0.0987077 
26100 0.0986858 
26200 0.0987481 
26300 0.0987148 
26400 0.098678 
26500 0.0986491 
26600 0.0986917 
26700 0.0987303 
26800 0.0987388 
26900 0.0987472 
27000 0.0987593 
27100 0.0987454 
27200 0.0987206 
27300 0.0987326 
27400 0.0987518 
27500 0.0987745 
27600 0.0987754 
27700 0.0988195 
27800 0.0988957 
27900 0.0989247 
28000 0.0989 
28100 0.0988968 
28200 0.0988652 
28300 0.0988799 
28400 0.0988556 
28500 0.0988316 
28600 0.0988566 
28700 0.0988571 
28800 0.0988576 
28900 0.0988512 
29000 0.0988138 
29100 0.0988076 
29200 0.0988116 
29300 0.0988157 
29400 0.0987755 
29500 0.0987966 
29600 0.0987399 
29700 0.0986902 
29800 0.0986846 
29900 0.0986923 
30000 0.0986867 
30100 0.0987043 
30200 0.0986821 
30300 0.0986733 
30400 0.098625 
30500 0.0985443 
30600 0.0985915 
30700 0.0986026 
30800 0.0986656 
30900 0.0987023 
31000 0.0987226 
31100 0.0987299 
31200 0.0987532 
31300 0.0987604 
31400 0.0987707 
31500 0.0987556 
31600 0.0987279 
31700 0.0987192 
31800 0.0986667 
31900 0.0986896 
32000 0.0986906 
32100 0.0986854 
32200 0.0987019 
32300 0.0987306 
32400 0.0987531 
32500 0.0987415 
32600 0.0987485 
32700 0.0988073 
32800 0.0988018 
32900 0.0988207 
33000 0.0988091 
33100 0.0988006 
33200 0.098744 
33300 0.0987087 
33400 0.0987096 
33500 0.0987134 
33600 0.0986815 
33700 0.0986647 
33800 0.0986509 
33900 0.0986637 
34000 0.0986941 
34100 0.0986862 
34200 0.0986813 
34300 0.0986443 
34400 0.0986134 
34500 0.0985536 
34600 0.0985376 
34700 0.0985014 
34800 0.0984971 
34900 0.098467 
35000 0.0984771 
35100 0.0984758 
35200 0.0984489 
35300 0.0984221 
35400 0.0984322 
35500 0.0984282 
35600 0.0984803 
35700 0.098521 
35800 0.0984972 
35900 0.098468 
36000 0.0984889 
36100 0.098482 
36200 0.0984503 
36300 0.0984601 
36400 0.098511 
36500 0.0985014 
36600 0.0985164 
36700 0.0985068 
36800 0.0985299 
36900 0.0985339 
37000 0.0985 
37100 0.0985283 
37200 0.0985565 
37300 0.0985308 
37400 0.0985642 
37500 0.098576 
37600 0.0985638 
37700 0.0985836 
37800 0.0985608 
37900 0.0985567 
38000 0.0985474 
38100 0.0985459 
38200 0.098555 
38300 0.0986084 
38400 0.0986042 
38500 0.0986078 
38600 0.0986244 
38700 0.0986538 
38800 0.0986778 
38900 0.0986684 
39000 0.0986974 
39100 0.0987391 
39200 0.0987066 
39300 0.0987048 
39400 0.0986827 
39500 0.0987215 
39600 0.0987424 
39700 0.0987456 
39800 0.0987512 
39900 0.0987469 
40000 0.0987625 
40100 0.0987481 
40200 0.0987139 
40300 0.0986799 
40400 0.0986955 
40500 0.0986741 
40600 0.0986823 
40700 0.0986609 
40800 0.0986789 
40900 0.0986528 
41000 0.0986683 
41100 0.0986521 
41200 0.0986626 
41300 0.0987288 
41400 0.0987101 
41500 0.0987422 
41600 0.0987476 
41700 0.0987338 
41800 0.0987416 
41900 0.0987804 
42000 0.0987833 
42100 0.098772 
42200 0.0987938 
42300 0.0988109 
42400 0.0988326 
42500 0.0988659 
42600 0.0988756 
42700 0.0989227 
42800 0.0988949 
42900 0.0988974 
43000 0.0989093 
43100 0.098891 
43200 0.0989352 
43300 0.0989515 
43400 0.0989608 
43500 0.0989724 
43600 0.0989817 
43700 0.0989817 
43800 0.0990068 
43900 0.0990182 
44000 0.09905 
44100 0.0990159 
44200 0.0989842 
44300 0.0990203 
44400 0.0990045 
44500 0.0990225 
44600 0.0990112 
44700 0.0990291 
44800 0.0990134 
44900 0.0990267 
45000 0.0990222 
45100 0.0990399 
45200 0.0990199 
45300 0.098989 
45400 0.0990264 
45500 0.0990418 
45600 0.0990439 
45700 0.0990766 
45800 0.0990983 
45900 0.0990632 
46000 0.0990456 
46100 0.0989978 
46200 0.0990411 
46300 0.0990691 
46400 0.099056 
46500 0.0990366 
46600 0.0990386 
46700 0.0990771 
46800 0.0990598 
46900 0.0990426 
47000 0.0990511 
47100 0.0990828 
47200 0.0990953 
47300 0.0990761 
47400 0.0990591 
47500 0.0990737 
47600 0.0991008 
47700 0.0991363 
47800 0.0991151 
47900 0.099119 
48000 0.0991187 
48100 0.0991289 
48200 0.099112 
48300 0.0991097 
48400 0.099155 
48500 0.0991134 
48600 0.0991029 
48700 0.0991088 
48800 0.0990943 
48900 0.0991125 
49000 0.0991571 
49100 0.0991976 
49200 0.0991789 
49300 0.0992008 
49400 0.0991599 
49500 0.0991354 
49600 0.099119 
49700 0.0990986 
49800 0.0990864 
49900 0.0990922 
