100 0.14 
200 0.115 
300 0.11 
400 0.12 
500 0.106 
600 0.101667 
700 0.0971429 
800 0.09875 
900 0.102222 
1000 0.101 
1100 0.1 
1200 0.0966667 
1300 0.0938462 
1400 0.0935714 
1500 0.0933333 
1600 0.091875 
1700 0.0923529 
1800 0.0944444 
1900 0.0931579 
2000 0.094 
2100 0.0928571 
2200 0.0945455 
2300 0.0947826 
2400 0.0975 
2500 0.0972 
2600 0.0965385 
2700 0.0959259 
2800 0.0960714 
2900 0.0968966 
3000 0.098 
3100 0.0970968 
3200 0.096875 
3300 0.0963636 
3400 0.0955882 
3500 0.0951429 
3600 0.095 
3700 0.0948649 
3800 0.0971053 
3900 0.0966667 
4000 0.0965 
4100 0.0973171 
4200 0.097619 
4300 0.0974419 
4400 0.0970455 
4500 0.096 
4600 0.0965217 
4700 0.096383 
4800 0.0960417 
4900 0.0955102 
5000 0.0956 
5100 0.095098 
5200 0.0948077 
5300 0.0950943 
5400 0.095 
5500 0.0952727 
5600 0.095 
5700 0.0947368 
5800 0.0944828 
5900 0.0945763 
6000 0.094 
6100 0.0929508 
6200 0.0925806 
6300 0.0920635 
6400 0.0926562 
6500 0.0929231 
6600 0.0934848 
6700 0.0940299 
6800 0.0935294 
6900 0.0936232 
7000 0.0935714 
7100 0.0938028 
7200 0.0943056 
7300 0.0946575 
7400 0.095 
7500 0.0953333 
7600 0.095 
7700 0.0948052 
7800 0.0952564 
7900 0.0953165 
8000 0.095875 
8100 0.095679 
8200 0.0953659 
8300 0.0957831 
8400 0.0947619 
8500 0.0947059 
8600 0.0948837 
8700 0.0951724 
8800 0.0961364 
8900 0.0959551 
9000 0.0955556 
9100 0.0952747 
9200 0.0958696 
9300 0.096129 
9400 0.0965957 
9500 0.0970526 
9600 0.0970833 
9700 0.0975258 
9800 0.097551 
9900 0.0976768 
10000 0.0976 
10100 0.0975248 
10200 0.0976471 
10300 0.0975728 
10400 0.0975962 
10500 0.0975238 
10600 0.0973585 
10700 0.0975701 
10800 0.0974074 
10900 0.0972477 
11000 0.0969091 
11100 0.0968468 
11200 0.0969643 
11300 0.0969027 
11400 0.0966667 
11500 0.0966087 
11600 0.0967241 
11700 0.0970085 
11800 0.0968644 
11900 0.0969748 
12000 0.0970833 
12100 0.0969421 
12200 0.0972951 
12300 0.0971545 
12400 0.0976613 
12500 0.09768 
12600 0.0976984 
12700 0.0975591 
12800 0.0975781 
12900 0.0975194 
13000 0.0973077 
13100 0.0975573 
13200 0.0975758 
13300 0.0975188 
13400 0.0976119 
13500 0.0977037 
13600 0.0975735 
13700 0.0975912 
13800 0.0975362 
13900 0.0973381 
14000 0.0972143 
14100 0.0970922 
14200 0.0976056 
14300 0.0976224 
14400 0.098125 
14500 0.0984138 
14600 0.0982877 
14700 0.0981633 
14800 0.0981757 
14900 0.0980537 
15000 0.0978667 
15100 0.0977483 
15200 0.0981579 
15300 0.0982353 
15400 0.0983766 
15500 0.0987097 
15600 0.0985897 
15700 0.098535 
15800 0.098481 
15900 0.0986164 
16000 0.098625 
16100 0.098882 
16200 0.0989506 
16300 0.0988957 
16400 0.0991463 
16500 0.0990303 
16600 0.0992169 
16700 0.0990419 
16800 0.0995833 
16900 0.0995266 
17000 0.0994706 
17100 0.0995906 
17200 0.0994767 
17300 0.0993642 
17400 0.0992529 
17500 0.0990286 
17600 0.0990341 
17700 0.0990395 
17800 0.0989326 
17900 0.099162 
18000 0.0991111 
18100 0.0989503 
18200 0.098956 
18300 0.0989617 
18400 0.0990217 
18500 0.099027 
18600 0.0988172 
18700 0.0987166 
18800 0.0988298 
18900 0.0987302 
19000 0.0988421 
19100 0.0987435 
19200 0.0983854 
19300 0.0982902 
19400 0.0980412 
19500 0.0981026 
19600 0.0979592 
19700 0.0979188 
19800 0.0979798 
19900 0.0977889 
20000 0.09795 
20100 0.0980597 
20200 0.0981188 
20300 0.0980296 
20400 0.0977941 
20500 0.0979512 
20600 0.0977184 
20700 0.0976328 
20800 0.0975962 
20900 0.0976555 
21000 0.0978095 
21100 0.0976303 
21200 0.0977359 
21300 0.0975587 
21400 0.0974299 
21500 0.0972558 
21600 0.0973148 
21700 0.0974194 
21800 0.0973853 
21900 0.0973973 
22000 0.0973636 
22100 0.0973756 
22200 0.0971171 
22300 0.09713 
22400 0.0972321 
22500 0.0975111 
22600 0.0976991 
22700 0.0978855 
22800 0.0976754 
22900 0.0976419 
23000 0.0977391 
23100 0.0976623 
23200 0.0976724 
23300 0.0975966 
23400 0.0974359 
23500 0.0974043 
23600 0.0973729 
23700 0.0972996 
23800 0.0971429 
23900 0.0970293 
24000 0.0969167 
24100 0.0970539 
24200 0.0971901 
24300 0.097284 
24400 0.0972541 
24500 0.0974286 
24600 0.0973171 
24700 0.0974494 
24800 0.0974194 
24900 0.09751 
25000 0.09756 
25100 0.0976892 
25200 0.0979762 
25300 0.0978261 
25400 0.097874 
25500 0.0978039 
25600 0.0976172 
25700 0.0976265 
25800 0.0975194 
25900 0.0974517 
26000 0.0976923 
26100 0.0974713 
26200 0.0975954 
26300 0.0975285 
26400 0.0975379 
26500 0.0975849 
26600 0.0975188 
26700 0.0975655 
26800 0.0975373 
26900 0.0973978 
27000 0.0974815 
27100 0.0972325 
27200 0.0972426 
27300 0.0972527 
27400 0.0971898 
27500 0.0971273 
27600 0.0971739 
27700 0.0971841 
27800 0.0971223 
27900 0.0970968 
28000 0.0971429 
28100 0.0970818 
28200 0.0971986 
28300 0.0971731 
28400 0.0971479 
28500 0.0972281 
28600 0.0971678 
28700 0.0972474 
28800 0.0972569 
28900 0.097301 
29000 0.0972414 
29100 0.097079 
29200 0.0970548 
29300 0.097099 
29400 0.0969728 
29500 0.0970169 
29600 0.0968919 
29700 0.0968687 
29800 0.0967785 
29900 0.0967559 
30000 0.0966667 
30100 0.0968106 
30200 0.0967881 
30300 0.0967987 
30400 0.0968092 
30500 0.0967541 
30600 0.0969935 
30700 0.096873 
30800 0.0969156 
30900 0.0969579 
31000 0.097 
31100 0.0969132 
31200 0.096859 
31300 0.0967732 
31400 0.0967516 
31500 0.0968571 
31600 0.0968038 
31700 0.0968139 
31800 0.0967925 
31900 0.0969906 
32000 0.0970625 
32100 0.0971963 
32200 0.097236 
32300 0.0971827 
32400 0.0971296 
32500 0.0972 
32600 0.0971779 
32700 0.0972477 
32800 0.0973171 
32900 0.097234 
33000 0.0972121 
33100 0.097281 
33200 0.0971386 
33300 0.0970871 
33400 0.0971257 
33500 0.0971343 
33600 0.0973512 
33700 0.09727 
33800 0.0971006 
33900 0.0972566 
34000 0.0973529 
34100 0.0973314 
34200 0.0972515 
34300 0.0972012 
34400 0.0972674 
34500 0.0972464 
34600 0.0972543 
34700 0.0971758 
34800 0.0971552 
34900 0.0971633 
35000 0.0972 
35100 0.097265 
35200 0.0972727 
35300 0.0972238 
35400 0.0972316 
35500 0.0970986 
35600 0.0972472 
35700 0.0972829 
35800 0.0971508 
35900 0.0969916 
36000 0.0970278 
36100 0.0970083 
36200 0.0969337 
36300 0.0968871 
36400 0.0968407 
36500 0.0969041 
36600 0.0969945 
36700 0.0970572 
36800 0.0969565 
36900 0.0968564 
37000 0.0967838 
37100 0.0967655 
37200 0.0967742 
37300 0.0966756 
37400 0.0967647 
37500 0.0966933 
37600 0.0965957 
37700 0.0967109 
37800 0.0966402 
37900 0.0966755 
38000 0.0967895 
38100 0.0968241 
38200 0.0968063 
38300 0.096893 
38400 0.096875 
38500 0.0969351 
38600 0.0970207 
38700 0.0972093 
38800 0.0970876 
38900 0.0971465 
39000 0.0973077 
39100 0.0974936 
39200 0.0974745 
39300 0.0975064 
39400 0.0975888 
39500 0.0975443 
39600 0.0974242 
39700 0.0972544 
39800 0.0972864 
39900 0.0971429 
40000 0.09715 
40100 0.097207 
40200 0.0971642 
40300 0.0972208 
40400 0.0971782 
40500 0.0970123 
40600 0.0969212 
40700 0.0969779 
40800 0.0969118 
40900 0.0967971 
41000 0.0967805 
41100 0.0967397 
41200 0.0967718 
41300 0.0969249 
41400 0.0969082 
41500 0.0968916 
41600 0.096899 
41700 0.0969544 
41800 0.0969856 
41900 0.0969928 
42000 0.0969286 
42100 0.0968646 
42200 0.0968483 
42300 0.0968794 
42400 0.0967925 
42500 0.0969176 
42600 0.0970188 
42700 0.0970258 
42800 0.0970327 
42900 0.0970396 
43000 0.097 
43100 0.0970766 
43200 0.0971528 
43300 0.0971363 
43400 0.0971659 
43500 0.0972414 
43600 0.0972018 
43700 0.0971625 
43800 0.0973059 
43900 0.0973349 
44000 0.0973409 
44100 0.0972789 
44200 0.0973303 
44300 0.0974041 
44400 0.0975225 
44500 0.097618 
44600 0.0976457 
44700 0.097651 
44800 0.0977902 
44900 0.0977951 
45000 0.0978667 
45100 0.0978714 
45200 0.0978097 
45300 0.0977925 
45400 0.0977753 
45500 0.0978681 
45600 0.0978728 
45700 0.0977681 
45800 0.0978384 
45900 0.0977996 
46000 0.0977174 
46100 0.0976356 
46200 0.0975974 
46300 0.0975594 
46400 0.0975 
46500 0.0974194 
46600 0.0974034 
46700 0.0974304 
46800 0.0975214 
46900 0.0974627 
47000 0.0975319 
47100 0.0975159 
47200 0.0975212 
47300 0.0975053 
47400 0.0975105 
47500 0.0973895 
47600 0.0973739 
47700 0.0973166 
47800 0.0972594 
47900 0.0973069 
48000 0.0973333 
48100 0.0973805 
48200 0.0973651 
48300 0.0973499 
48400 0.0972521 
48500 0.0974227 
48600 0.0974691 
48700 0.0974127 
48800 0.097377 
48900 0.0974029 
49000 0.0973673 
49100 0.0974542 
49200 0.097378 
49300 0.0973834 
49400 0.0972672 
49500 0.0971717 
49600 0.0970968 
49700 0.0971227 
49800 0.0970683 
49900 0.0969739 
